pH
6.020002E+00
6.003056E+00
5.981768E+00
5.956426E+00
5.927771E+00
5.896808E+00
5.864573E+00
5.831963E+00
5.799654E+00
5.768109E+00
5.737611E+00
5.708314E+00
5.680282E+00
5.653519E+00
5.627999E+00
5.603671E+00
5.580477E+00
5.558354E+00
5.537236E+00
5.517062E+00
5.497773E+00
5.479312E+00
5.461627E+00
5.444671E+00
5.428398E+00
5.412766E+00
5.397739E+00
5.383280E+00
5.369358E+00
5.355942E+00
5.343005E+00
Total_SiO2(aq)
1.351478E-02
1.359877E-02
1.365467E-02
1.369640E-02
1.372937E-02
1.375626E-02
1.377865E-02
1.379759E-02
1.381378E-02
1.382778E-02
1.383999E-02
1.385071E-02
1.386020E-02
1.386866E-02
1.387623E-02
1.388306E-02
1.388923E-02
1.389485E-02
1.389998E-02
1.390469E-02
1.390901E-02
1.391301E-02
1.391670E-02
1.392014E-02
1.392333E-02
1.392631E-02
1.392910E-02
1.393171E-02
1.393416E-02
1.393647E-02
1.393865E-02
Total_Ca++
1.514869E-03
1.461441E-03
1.396717E-03
1.323080E-03
1.244130E-03
1.163738E-03
1.085202E-03
1.010812E-03
9.418527E-04
8.788182E-04
8.216827E-04
7.701230E-04
7.236739E-04
6.818238E-04
6.440683E-04
6.099378E-04
5.790080E-04
5.509030E-04
5.252931E-04
5.018910E-04
4.804467E-04
4.607432E-04
4.425918E-04
4.258283E-04
4.103093E-04
3.959097E-04
3.825195E-04
3.700422E-04
3.583926E-04
3.474955E-04
3.372842E-04
